57218
57229
57238
57247
57256
57262
57271
57280
57289
57298
57307
57316
57325
57334
57343
57352
57361
57370
57379
57385
57394
57403
57412
57421
57430
57439
57448
57451
57457
57460
57466
57469
57475
57478
57487
57487
57496
57496
57505
57505
57514
57514
57523
57523
57532
57535
57541
57544
57550
57553
57559
57562
57568
57571
57577
57580
57586
57592
57595
57601
57604
57610
57613
57619
57622
57628
57631
57637
57640
57646
57649
57655
57658
57667
57667
57676
57676
57685
57685
57694
57694
57703
57706
57712
57715
57721
57724
57730
57736
57739
57745
57745
57754
57754
57763
57763
57772
57775
57781
57784
57790
57793
57799
57802
57808
57814
57817
57823
57826
57832
57835
57838
57841
57844
57847
57850
57850
57856
57859
57859
57868
57868
57868
57877
57877
57877
57886
57886
57886
57895
57898
57898
57904
57907
57907
57916
57916
57919
57925
57925
57928
57934
57934
57937
57943
57943
57949
57952
57952
57958
57961
57961
57970
57970
57970
57979
57979
57979
57988
57988
57991
57997
57997
58000
58006
58009
58012
58015
58018
58021
58024
58027
58033
58033
58036
58042
58042
58045
58051
58054
58054
58060
58063
58067
58070
58076
58076
58079
58085
58085
58088
58094
58097
58097
58103
58106
58106
58112
58115
58118
58121
58124
58127
58130
58133
58139
58139
58142
58148
58148
58151
58157
58160
58160
58166
58169
58169
58175
58178
58181
58187
58187
58193
58196
58196
58202
58205
58205
58214
58214
58214
58223
58223
58223
58232
58232
58235
58241
58241
58244
58250
58250
58256
58259
58259
58265
58268
58268
58274
58277
58277
58286
58286
58286
58295
58295
58295
58304
58304
58307
58313
58316
58316
58322
58325
58325
58331
58334
58334
58340
58343
58346
58349
58352
58355
58358
58361
58364
58367
58370
58376
58376
58382
58385
58385
58391
58394
58394
58400
58403
58406
58409
58412
58415
58415
58418
58421
58424
58427
58427
58430
58436
58436
58439
58439
58445
58445
58448
58451
58454
58457
58460
58463
58463
58466
58469
58472
58475
58478
58478
58481
58487
58487
58487
58490
58496
58496
58499
58499
58505
58508
58508
58511
58514
58517
58517
58523
58523
58526
58526
58532
58535
58535
58538
58541
58544
58547
58547
58550
58553
58559
58559
58559
58565
58568
58568
58571
58574
58577
58577
58583
58583
58586
58586
58592
58595
58595
58595
58601
58604
58607
58607
58610
58613
58616
58619
58619
58622
58625
58628
58631
58631
58634
58637
58640
58643
58646
58646
58649
58655
58655
58655
58658
58664
58664
58667
58667
58673
58673
58676
58679
58682
58682
58685
58691
58691
58691
58694
58700
58700
58703
58703
58709
58712
58712
58715
58718
58721
58721
58727
58727
58730
58730
58739
58739
58739
58739
58748
58748
58748
58751
58754
58757
58757
58763
58763
58766
58766
58772
58775
58775
58775
58784
58784
58787
58787
58793
58793
58796
58799
58802
58802
58805
58811
58811
58811
58814
58820
58820
58823
58826
58829
58829
58835
58838
58838
58838
58847
58847
58847
58850
58856
58856
58859
58862
58865
58865
58871
58874
58874
58874
58883
58883
58883
58886
58892
58892
58895
58898
58901
58901
58907
58910
58910
58913
58919
58919
58922
58922
58928
58931
58931
58934
58937
58940
58943
58946
58946
58949
58955
58955
58958
58958
58964
58967
58970
58970
58973
58979
58979
58982
58982
58988
58991
58991
58994
58997
59000
59003
59006
59006
59009
59015
59015
59018
59018
59024
59027
59027
59030
59033
59036
59039
59042
59042
59045
59051
59051
59054
59054
59060
59063
59063
59066
59066
59072
59075
59078
59078
59081
59087
59087
59090
59093
59093
59099
59099
59102
59102
59078
59078
59081
59087
59087
59090
59093
59093
59099
59099
59102
59102
59108
59108
59108
59111
59117
59120
59120
59120
59123
59129
59129
59132
59135
59138
59138
59138
59147
59147
59147
59150
59153
59156
59156
59162
59165
59165
59168
59171
59174
59177
59180
59183
59183
59186
59192
59192
59195
59198
59201
59201
59207
59210
59210
59213
59213
59222
59222
59225
59228
59228
59231
59237
59240
59240
59243
59246
59249
59252
59255
59258
59258
59261
59267
59267
59270
59273
59276
59276
59282
59285
59285
59288
59288
59294
59294
59300
59303
59303
59306
59312
59312
59315
59318
59318
59321
59327
59327
59330
59333
59336
59336
59342
59345
59345
59348
59351
59354
59357
59360
59363
59363
59363
59372
59372
59375
59378
59381
59381
59384
59390
59390
59393
59396
59399
59402
59405
59408
59408
59411
59417
59417
59420
59423
59426
59426
59432
59435
59435
59438
59444
59444
59450
59450
59453
59453
59456
59459
59462
59462
59468
59471
59471
59474
59477
59480
59480
59486
59489
59489
59492
59495
59498
59498
59504
59507
59507
59510
59513
59516
59516
59522
59525
59525
59528
59531
59534
59534
59540
59543
59543
59546
59549
59552
59552
59558
59561
59561
59567
59567
59567
59570
59576
59579
59579
59582
59585
59585
59588
59594
59597
59600
59600
59603
59603
59609
59613
59616
59619
59619
59622
59625
59628
59631
59634
59637
59640
59640
59643
59646
59649
59652
59655
59655
59658
59661
59664
59667
59670
59670
59673
59676
59679
59679
59685
59688
59688
59691
59694
59697
59697
59703
59706
59706
59709
59712
59715
59715
59721
59724
59724
59727
59730
59733
59733
59739
59742
59742
59745
59748
59751
59751
59757
59760
59760
59763
59766
59769
59769
59775
59778
59778
59781
59784
59787
59787
59793
59796
59796
59799
59802
59805
59805
59811
59814
59814
59817
59820
59823
59823
59829
59832
59832
59835
59838
59841
59841
59847
59850
59850
59853
59856
59859
59859
59865
59868
59868
59871
59874
59877
59877
59883
59883
59886
59889
59892
59892
59895
59901
59904
59904
59907
59910
59913
59913
59919
59922
59922
59925
59928
59931
59931
59937
59940
59940
59943
59946
59946
59949
59955
59955
59958
59961
59964
59964
59967
59973
59973
59976
59979
59982
59982
59985
59991
59991
59994
59997
60000
60000
60003
60009
60009
60012
60015
60018
60018
60018
60027
60027
60030
60033
60036
60036
60039
60045
60045
60048
60051
60054
60054
60057
